=== Used Config Parameters ===

config: {'input': {'file': 'collected_datasets/Haltetremor_mit_frequenzaenderung_2_aligned_dataset.h5', 'imu': 'right_forearm'}, 'signal': {'axis': 'mag', 'sampling_rate': 120}, 'filter': {'lowcut': 2.0, 'highcut': 10.0, 'order': 2}, 'analysis': {'method': 'both'}, 'cwt': {'min_frequency': 2, 'max_frequency': 6, 'wavelet': 'cmor1.5-3.0'}, 'fft': {'nfft': 1024}, 'output': {'save_figures': True, 'directory': 'results'}}
input_config: {'file': 'collected_datasets/Haltetremor_mit_frequenzaenderung_2_aligned_dataset.h5', 'imu': 'right_forearm'}
signal_config: {'axis': 'mag', 'sampling_rate': 120}
filter_config: {'lowcut': 2.0, 'highcut': 10.0, 'order': 2}
analysis_config: {'method': 'both'}
cwt_config: {'min_frequency': 2, 'max_frequency': 6, 'wavelet': 'cmor1.5-3.0'}
fft_config: {'nfft': 1024}
output_config: {'save_figures': True, 'directory': 'results'}
input_path: collected_datasets/Haltetremor_mit_frequenzaenderung_2_aligned_dataset.h5
imu: right_forearm
axis: mag
sampling_rate: 120.0
lowcut: 2.0
highcut: 10.0
filter_order: 2
nfft: 1024
min_frequency: 2.0
max_frequency: 6.0
wavelet: cmor1.5-3.0
output_dir: results/Haltetremor_mit_frequenzaenderung_2_aligned_dataset_20260627_233308
save_figures: True
=== Results ===

[ 0.         0.1171875  0.234375   0.3515625  0.46875    0.5859375
  0.703125   0.8203125  0.9375     1.0546875  1.171875   1.2890625
  1.40625    1.5234375  1.640625   1.7578125  1.875      1.9921875
  2.109375   2.2265625  2.34375    2.4609375  2.578125   2.6953125
  2.8125     2.9296875  3.046875   3.1640625  3.28125    3.3984375
  3.515625   3.6328125  3.75       3.8671875  3.984375   4.1015625
  4.21875    4.3359375  4.453125   4.5703125  4.6875     4.8046875
  4.921875   5.0390625  5.15625    5.2734375  5.390625   5.5078125
  5.625      5.7421875  5.859375   5.9765625  6.09375    6.2109375
  6.328125   6.4453125  6.5625     6.6796875  6.796875   6.9140625
  7.03125    7.1484375  7.265625   7.3828125  7.5        7.6171875
  7.734375   7.8515625  7.96875    8.0859375  8.203125   8.3203125
  8.4375     8.5546875  8.671875   8.7890625  8.90625    9.0234375
  9.140625   9.2578125  9.375      9.4921875  9.609375   9.7265625
  9.84375    9.9609375 10.078125  10.1953125 10.3125    10.4296875
 10.546875  10.6640625 10.78125   10.8984375 11.015625  11.1328125
 11.25      11.3671875 11.484375  11.6015625 11.71875   11.8359375
 11.953125  12.0703125 12.1875    12.3046875 12.421875  12.5390625
 12.65625   12.7734375 12.890625  13.0078125 13.125     13.2421875
 13.359375  13.4765625 13.59375   13.7109375 13.828125  13.9453125
 14.0625    14.1796875 14.296875  14.4140625 14.53125   14.6484375
 14.765625  14.8828125 15.        15.1171875 15.234375  15.3515625
 15.46875   15.5859375 15.703125  15.8203125 15.9375    16.0546875
 16.171875  16.2890625 16.40625   16.5234375 16.640625  16.7578125
 16.875     16.9921875 17.109375  17.2265625 17.34375   17.4609375
 17.578125  17.6953125 17.8125    17.9296875 18.046875  18.1640625
 18.28125   18.3984375 18.515625  18.6328125 18.75      18.8671875
 18.984375  19.1015625 19.21875   19.3359375 19.453125  19.5703125
 19.6875    19.8046875 19.921875  20.0390625 20.15625   20.2734375
 20.390625  20.5078125 20.625     20.7421875 20.859375  20.9765625
 21.09375   21.2109375 21.328125  21.4453125 21.5625    21.6796875
 21.796875  21.9140625 22.03125   22.1484375 22.265625  22.3828125
 22.5       22.6171875 22.734375  22.8515625 22.96875   23.0859375
 23.203125  23.3203125 23.4375    23.5546875 23.671875  23.7890625
 23.90625   24.0234375 24.140625  24.2578125 24.375     24.4921875
 24.609375  24.7265625 24.84375   24.9609375 25.078125  25.1953125
 25.3125    25.4296875 25.546875  25.6640625 25.78125   25.8984375
 26.015625  26.1328125 26.25      26.3671875 26.484375  26.6015625
 26.71875   26.8359375 26.953125  27.0703125 27.1875    27.3046875
 27.421875  27.5390625 27.65625   27.7734375 27.890625  28.0078125
 28.125     28.2421875 28.359375  28.4765625 28.59375   28.7109375
 28.828125  28.9453125 29.0625    29.1796875 29.296875  29.4140625
 29.53125   29.6484375 29.765625  29.8828125 30.        30.1171875
 30.234375  30.3515625 30.46875   30.5859375 30.703125  30.8203125
 30.9375    31.0546875 31.171875  31.2890625 31.40625   31.5234375
 31.640625  31.7578125 31.875     31.9921875 32.109375  32.2265625
 32.34375   32.4609375 32.578125  32.6953125 32.8125    32.9296875
 33.046875  33.1640625 33.28125   33.3984375 33.515625  33.6328125
 33.75      33.8671875 33.984375  34.1015625 34.21875   34.3359375
 34.453125  34.5703125 34.6875    34.8046875 34.921875  35.0390625
 35.15625   35.2734375 35.390625  35.5078125 35.625     35.7421875
 35.859375  35.9765625 36.09375   36.2109375 36.328125  36.4453125
 36.5625    36.6796875 36.796875  36.9140625 37.03125   37.1484375
 37.265625  37.3828125 37.5       37.6171875 37.734375  37.8515625
 37.96875   38.0859375 38.203125  38.3203125 38.4375    38.5546875
 38.671875  38.7890625 38.90625   39.0234375 39.140625  39.2578125
 39.375     39.4921875 39.609375  39.7265625 39.84375   39.9609375
 40.078125  40.1953125 40.3125    40.4296875 40.546875  40.6640625
 40.78125   40.8984375 41.015625  41.1328125 41.25      41.3671875
 41.484375  41.6015625 41.71875   41.8359375 41.953125  42.0703125
 42.1875    42.3046875 42.421875  42.5390625 42.65625   42.7734375
 42.890625  43.0078125 43.125     43.2421875 43.359375  43.4765625
 43.59375   43.7109375 43.828125  43.9453125 44.0625    44.1796875
 44.296875  44.4140625 44.53125   44.6484375 44.765625  44.8828125
 45.        45.1171875 45.234375  45.3515625 45.46875   45.5859375
 45.703125  45.8203125 45.9375    46.0546875 46.171875  46.2890625
 46.40625   46.5234375 46.640625  46.7578125 46.875     46.9921875
 47.109375  47.2265625 47.34375   47.4609375 47.578125  47.6953125
 47.8125    47.9296875 48.046875  48.1640625 48.28125   48.3984375
 48.515625  48.6328125 48.75      48.8671875 48.984375  49.1015625
 49.21875   49.3359375 49.453125  49.5703125 49.6875    49.8046875
 49.921875  50.0390625 50.15625   50.2734375 50.390625  50.5078125
 50.625     50.7421875 50.859375  50.9765625 51.09375   51.2109375
 51.328125  51.4453125 51.5625    51.6796875 51.796875  51.9140625
 52.03125   52.1484375 52.265625  52.3828125 52.5       52.6171875
 52.734375  52.8515625 52.96875   53.0859375 53.203125  53.3203125
 53.4375    53.5546875 53.671875  53.7890625 53.90625   54.0234375
 54.140625  54.2578125 54.375     54.4921875 54.609375  54.7265625
 54.84375   54.9609375 55.078125  55.1953125 55.3125    55.4296875
 55.546875  55.6640625 55.78125   55.8984375 56.015625  56.1328125
 56.25      56.3671875 56.484375  56.6015625 56.71875   56.8359375
 56.953125  57.0703125 57.1875    57.3046875 57.421875  57.5390625
 57.65625   57.7734375 57.890625  58.0078125 58.125     58.2421875
 58.359375  58.4765625 58.59375   58.7109375 58.828125  58.9453125
 59.0625    59.1796875 59.296875  59.4140625 59.53125   59.6484375
 59.765625  59.8828125 60.       ]
[1.53615524e-03 7.62045499e-04 1.31012314e-08 2.07398198e-07
 9.54561656e-07 5.27991567e-06 1.49184843e-05 5.04615372e-05
 1.38970458e-04 2.93826071e-04 5.77233843e-04 1.35567358e-03
 1.71440373e-03 3.59364377e-03 5.49177039e-03 6.62418300e-03
 1.41664257e-02 2.81791485e-02 3.11316440e-02 4.39256970e-02
 6.30661934e-02 8.81941215e-02 6.96351232e-02 1.07929913e-01
 3.75786863e-01 1.98540307e+00 2.36834684e+00 1.23612298e+00
 1.03521111e+00 8.50147736e-01 3.03494987e-01 1.28266910e-01
 2.41279125e-01 4.08724319e-01 1.17097858e+00 8.37247792e-01
 1.97782251e+00 3.32625766e+00 4.12498270e+00 2.23672745e+00
 8.70755468e-01 2.81024319e-01 9.06734464e-02 9.01298969e-02
 4.78927492e-02 2.72483794e-02 3.03772732e-02 2.37490909e-02
 2.38156885e-02 4.10005078e-02 7.72654893e-02 1.27518225e-01
 9.57070165e-02 5.14995570e-02 3.69208880e-02 3.71702065e-02
 4.11956036e-02 3.63314152e-02 3.47032693e-02 3.43686236e-02
 3.24495209e-02 3.11080100e-02 3.40284860e-02 2.38348955e-02
 2.33232662e-02 2.07456424e-02 2.18346111e-02 3.28207162e-02
 3.58580411e-02 1.60868164e-02 4.49629996e-02 9.30686269e-02
 6.53513356e-02 4.93742383e-02 9.36797672e-02 1.49373224e-01
 1.41090561e-01 1.37346457e-01 1.54772982e-01 9.15816208e-02
 4.45503951e-02 4.07145469e-02 3.19582906e-02 2.33136325e-02
 1.00536265e-02 8.09550382e-03 1.13083261e-02 7.95389773e-03
 6.72225068e-03 5.44379510e-03 6.95459385e-03 7.78565427e-03
 6.49897731e-03 1.08533563e-02 1.69949250e-02 1.52914909e-02
 8.46613745e-03 3.63329292e-03 2.50151114e-03 2.94390583e-03
 3.45134721e-03 2.95916038e-03 1.68013423e-03 8.80549766e-04
 1.90154519e-03 2.47332053e-03 1.61562995e-03 1.82896306e-03
 1.30262332e-03 1.71734088e-03 7.40563055e-04 7.95992762e-04
 7.01459981e-04 5.23751339e-04 6.13612662e-04 4.51346866e-04
 7.98169239e-04 7.40688496e-04 5.49105707e-04 7.14414890e-04
 5.05003912e-04 4.81724061e-04 4.26178984e-04 3.70020031e-04
 2.34350504e-04 1.76811108e-04 1.49279986e-04 3.57854057e-04
 4.74858197e-04 5.94132995e-04 4.60476706e-04 2.89471442e-04
 5.99722205e-04 6.28718759e-04 3.62589934e-04 3.19822912e-04
 2.34823913e-04 1.72831526e-04 1.35833509e-04 1.52664275e-04
 1.49168223e-04 1.08876212e-04 9.09919261e-05 1.63184664e-04
 1.40792818e-04 1.05182152e-04 6.47485028e-05 5.46537476e-05
 4.43419558e-05 4.42241269e-05 4.63142956e-05 6.97649032e-05
 1.37842690e-04 7.71372306e-05 3.76235032e-05 6.04043045e-05
 3.94818459e-05 2.66445153e-05 1.26961930e-05 1.10598631e-05
 1.64759508e-05 2.11942680e-05 1.57719823e-05 1.42845143e-05
 1.92890089e-05 1.80306995e-05 1.96610114e-05 1.21641942e-05
 1.37968008e-05 9.48429826e-06 8.32269638e-06 6.30009816e-06
 5.78682977e-06 4.67038936e-06 4.83532098e-06 1.19932474e-05
 1.03289171e-05 6.23948507e-06 5.08616373e-06 3.55592681e-06
 3.10561384e-06 3.02458532e-06 3.32777871e-06 2.68508809e-06
 2.85689652e-06 2.25262602e-06 2.20798992e-06 3.20644884e-06
 6.81576881e-06 1.38380392e-05 1.22030972e-05 6.98276081e-06
 3.84020748e-06 2.72533955e-06 2.01900703e-06 1.54357413e-06
 1.56455016e-06 2.04879392e-06 1.57372889e-06 1.76300746e-06
 1.63713134e-06 1.18473446e-06 1.87010715e-06 1.89984207e-06
 1.20863943e-06 1.41106635e-06 3.56250158e-06 4.37464336e-06
 2.81962866e-06 3.00593814e-06 2.42285259e-06 1.30016692e-06
 8.88861580e-07 8.59072953e-07 9.62168017e-07 4.64147168e-07
 3.64336277e-07 3.94181174e-07 3.30914069e-07 2.80412096e-07
 3.90599406e-07 2.80371333e-07 2.88568932e-07 2.00366209e-07
 2.25898517e-07 2.62499666e-07 1.86779948e-07 1.64169700e-07
 9.07757170e-08 8.84404411e-08 9.23686868e-08 1.31494329e-07
 1.83945610e-07 2.24932214e-07 1.59245115e-07 1.63903818e-07
 1.15033265e-07 8.69615288e-08 6.99840980e-08 4.56171087e-08
 3.25559088e-08 1.06693339e-07 1.39858007e-07 9.49453873e-08
 2.18955991e-07 3.72938085e-07 9.35623087e-07 8.39632743e-07
 7.01342992e-07 2.31122363e-07 1.61607779e-07 1.46476283e-07
 8.68656626e-08 3.83684767e-08 3.27275926e-08 1.29352395e-07
 1.19391266e-07 9.82035578e-08 1.25086013e-07 1.97023466e-07
 6.61218355e-08 2.86075859e-08 1.84038774e-08 2.80636521e-08
 3.36024159e-08 5.32128176e-08 7.11493354e-08 3.74232745e-08
 1.03672814e-08 1.46479403e-08 1.24996998e-08 1.10729514e-08
 5.76292869e-09 3.75971940e-09 3.81892599e-09 5.65812659e-09
 6.13578427e-09 5.26083945e-09 4.93839278e-09 9.13539907e-09
 9.11157781e-09 6.28812361e-09 6.06143963e-09 5.09151227e-09
 7.99738935e-09 6.72941086e-09 3.10623581e-09 2.96016383e-09
 2.07568793e-09 3.94147230e-09 3.18078170e-09 2.53632664e-09
 2.42603414e-09 2.03693520e-09 2.28690074e-09 1.37447911e-09
 1.54563944e-09 1.30734816e-09 2.71604547e-09 2.05647814e-09
 1.62973142e-09 2.12583821e-09 3.31264562e-09 8.64986888e-09
 7.68882053e-09 4.06154994e-09 2.11751979e-09 2.22492692e-09
 2.14276188e-09 6.57725474e-09 1.55863971e-08 9.09615432e-09
 5.98959548e-09 3.85163650e-09 3.30595767e-09 2.50027793e-09
 3.62259657e-09 3.39783372e-09 6.77630406e-09 7.63697877e-09
 7.84916084e-09 1.54394995e-08 1.71332535e-08 1.49540923e-08
 5.64955986e-09 3.53820468e-09 1.71135773e-09 1.12612296e-09
 5.74039485e-10 5.08651448e-10 3.82357319e-10 1.94873847e-10
 3.28196267e-10 3.95131698e-10 5.32739292e-10 6.44404197e-10
 9.07784620e-10 5.38370796e-10 6.11550257e-10 5.05023879e-10
 3.93332801e-10 3.70113600e-10 3.76668457e-10 3.03314162e-10
 3.42333398e-10 2.21440215e-10 3.34972955e-10 2.10204168e-10
 2.93847935e-10 2.29293270e-10 2.67964554e-10 3.44325128e-10
 4.19487628e-10 2.56310579e-10 2.04692570e-10 5.97918553e-10
 4.91530822e-10 2.71232749e-10 3.69921610e-10 7.22061593e-10
 8.48012106e-10 7.05342085e-10 7.77749496e-10 8.66578969e-10
 4.91297234e-10 3.36285399e-10 3.02963291e-10 2.95670236e-10
 1.69257542e-10 1.11343292e-10 1.23071772e-10 1.31758687e-10
 1.28438127e-10 1.46955063e-10 1.21252716e-10 1.38111046e-10
 1.57889440e-10 1.43031855e-10 1.43984970e-10 1.77496102e-10
 1.37144697e-10 7.25353759e-11 3.57044501e-11 4.08977105e-11
 6.25963193e-11 4.26045416e-11 2.65098059e-11 2.14723374e-11
 2.30967140e-11 2.90417036e-11 2.17146111e-11 2.15676608e-11
 1.93391327e-11 1.69478668e-11 1.39658989e-11 6.99972918e-12
 9.83302186e-12 6.62981644e-12 7.64457331e-12 6.80396413e-12
 8.38242458e-12 1.27648402e-11 7.70168667e-12 8.09984443e-12
 7.80305434e-12 5.78328266e-12 4.79079847e-12 4.89459524e-12
 2.33652394e-12 1.89097020e-12 2.26701485e-12 2.81957756e-12
 4.20623823e-12 5.78203103e-12 7.80655064e-12 5.01969584e-12
 5.62426756e-12 9.63150415e-12 8.36991537e-12 5.96804784e-12
 3.97706412e-12 4.14998608e-12 2.67369852e-12 1.89022741e-12
 2.15718008e-12 1.64401102e-12 1.03822633e-12 8.68024243e-13
 1.42361709e-12 1.67654803e-12 1.25674250e-12 6.42413595e-13
 5.03166152e-13 4.75710245e-13 4.90836808e-13 7.90751143e-13
 1.41821504e-12 1.07475808e-12 3.06199815e-13 2.55203729e-13
 2.38398539e-13 2.36404494e-13 1.29869712e-13 3.90472125e-14
 5.57539048e-14 7.90063101e-14 7.91293289e-14 5.09162827e-14
 5.71285526e-14 6.03927288e-14 6.51691540e-14 4.90962327e-14
 3.14831915e-14 3.45643448e-14 2.20420767e-14 2.52478396e-14
 1.70645077e-14 1.85229325e-14 9.65103324e-15 1.66706095e-14
 2.13707630e-14 1.05030671e-14 6.47524229e-15 5.81707479e-15
 4.07819583e-15 2.74651542e-15 1.79034144e-15 1.51958195e-15
 2.33231716e-15 2.32294367e-15 1.41389376e-15 1.27253007e-15
 1.75438868e-15 4.60399662e-15 5.25729063e-15 2.68125838e-15
 1.31099676e-15 7.17019830e-16 5.47729394e-16 3.47737961e-16
 4.30973017e-16 5.01220086e-16 2.53452307e-16 2.28843061e-16
 2.07363963e-16 1.51860362e-16 1.19488308e-16 7.19412140e-17
 1.14529169e-16 7.81497648e-17 8.56801423e-17 8.64157605e-17
 9.62801948e-17 7.77122619e-17 7.67850966e-17 4.97538740e-17
 5.87043137e-17 4.69129840e-17 5.27280663e-17 5.20128896e-17
 4.96274797e-17 4.86547810e-17 4.95030908e-17 4.84453803e-17
 4.81732929e-17 4.79433632e-17 4.77830141e-17 4.74764205e-17
 4.73228841e-17 4.71938565e-17 4.70975211e-17 4.70402055e-17
 2.35104101e-17]
[[0.9485142  0.94331032 0.95253438 ... 0.46904391 0.46621893 0.47501676]
 [1.05048424 1.04808259 1.05232125 ... 1.19702344 1.1791127  1.14578885]
 [1.0743571  1.06841918 1.06557804 ... 1.91560557 1.88401064 1.85505924]
 ...
 [0.76821041 0.78944388 0.81201123 ... 0.72556811 0.7138794  0.71417766]
 [0.82860261 0.84878271 0.86879182 ... 0.68432306 0.67765837 0.67026364]
 [0.83320432 0.86147691 0.88149594 ... 0.63145055 0.62679294 0.62972513]]
[2.         2.08163265 2.16326531 2.24489796 2.32653061 2.40816327
 2.48979592 2.57142857 2.65306122 2.73469388 2.81632653 2.89795918
 2.97959184 3.06122449 3.14285714 3.2244898  3.30612245 3.3877551
 3.46938776 3.55102041 3.63265306 3.71428571 3.79591837 3.87755102
 3.95918367 4.04081633 4.12244898 4.20408163 4.28571429 4.36734694
 4.44897959 4.53061224 4.6122449  4.69387755 4.7755102  4.85714286
 4.93877551 5.02040816 5.10204082 5.18367347 5.26530612 5.34693878
 5.42857143 5.51020408 5.59183673 5.67346939 5.75510204 5.83673469
 5.91836735 6.        ]
[3.07441649 3.07539833 3.07626139 ... 4.11079194 4.11009103 4.10962994]
